   1   3   1   0  0.8535574E+02  0.1000000E-03
  CAR 
 unknown system                          
   0   0   0
   1   1
 256 256 256
 256
  0.1000000E-09
  0.3906250E-11
   1
  0.1500000E-16  0.6350160E-09  0.6350160E-09  0.6350160E-09
  0.3233576E+00  0.3233576E+00
  0.000  0.000  0.000  0.000
  0.000  0.000  0.000  0.000
  0.000  0.000  0.000  0.000
  0.000  0.000  0.000  0.000
  0.000  0.000  0.000  0.000
  0.000  0.000  0.000  0.000
  0.000  0.000  0.000  0.000
  0.000  0.000  0.000  0.000
  0.000  0.000  0.000  0.000
  0.000  0.000  0.000  0.000
  0.000  0.000  0.000  0.000
  0.000  0.000  0.000  0.000
  0.000  0.000  0.000  0.000
  0.000  0.000  0.000  0.000
  0.000  0.000  0.000  0.000
  0.000  0.000  0.000  0.000
  0.000  0.000  0.000  0.000
  0.000  0.000  0.000  0.000
  0.000  0.000  0.000  0.000
  0.000  0.000  0.000  0.000
  0.000  0.000  0.000  0.000
  0.000  0.000  0.000  0.000
  0.000  0.000  0.000  0.000
  0.000  0.000  0.000  0.000
253.098  0.000569.471  0.000
  0.000  0.000  0.000  0.000
  0.000  0.000  0.000  0.000
  0.000  0.000  0.000  0.000
  0.000  0.000  0.000  0.000
  0.000  0.000  0.000  0.000
  0.000  0.000  0.000  0.000
  0.000  0.000  0.000  0.000
  0.000  0.000  0.000  0.000
  0.000  0.000  0.000  0.000
  0.000  0.000  0.000  0.000
  0.000  0.000  0.000  0.000
  0.000  0.000  0.000  0.000
  0.000  0.000  0.000  0.000
 51.251  0.000  0.000115.316
  0.000  0.000  0.000  0.000
  0.000  0.000  0.000  0.000
  0.000  0.000  0.000  0.000
  0.000  0.000  0.000  0.000
  0.000  0.000  0.000  0.000
  0.000  0.000  0.000  0.000
  0.000  0.000  0.000  0.000
  0.000  0.000  0.000  0.000
  0.000  0.000  0.000  0.000
  0.000  0.000  0.000  0.000
  0.000  0.000  0.000  0.000
  0.000  0.000  0.000  0.000
  0.000  0.000  0.000  0.000
  0.000  0.000  0.000  0.000
  0.000  0.000  0.000  0.000
  0.000  0.000  0.000  0.000
  0.000  0.000  0.000  0.000
  0.000  0.000  0.000  0.000
  0.000  0.000  0.000  0.000
  0.000  0.000  0.000  0.000
  0.000  0.000  0.000  0.000
  0.000  0.000  0.000  0.000
  0.000  0.000  0.000  0.000
  0.000  0.000  0.000  0.000
  0.000  0.000  0.000  0.000
  0.000  0.000  0.000  0.000
  0.000  0.000  0.000  0.000
  0.000  0.000  0.000  0.000
  0.000  0.000  0.000  0.000
  0.000  0.000  0.000  0.000
  0.000  0.000  0.000  0.000
  0.000  0.000  0.000  0.000
  0.000  0.000  0.000  0.000
  0.000  0.000  0.000  0.000
  0.000  0.000  0.000  0.000
  0.000  0.000  0.000  0.000
  0.000  0.000  0.000  0.000
  0.000  0.000  0.000  0.000
  0.000  0.000  0.000  0.000
  0.000  0.000  0.000  0.000
  0.000  0.000  0.000  0.000
  0.000  0.000  0.000  0.000
  0.000  0.000  0.000  0.000
  0.000  0.000  0.000  0.000
  0.000  0.000  0.000  0.000
  0.000  0.000  0.000  0.000
  0.000  0.000  0.000  0.000
  0.000  0.000  0.000  0.000
  0.000  0.000  0.000  0.000
  0.000  0.000  0.000  0.000
  0.000  0.000  0.000  0.000
  0.000  0.000  0.000  0.000
  0.000  0.000  0.000  0.000
  0.000  0.000  0.000  0.000
  0.000  0.000  0.000  0.000
  0.000  0.000  0.000  0.000
  0.000  0.000  0.000  0.000
  0.000  0.000  0.000  0.000
  0.000  0.000  0.000  0.000
  0.000  0.000  0.000  0.000
  0.000  0.000  0.000  0.000
  0.000  0.000  0.000  0.000
  0.000  0.000  0.000  0.000
  0.000  0.000  0.000  0.000
  0.000  0.000  0.000  0.000
  0.000  0.000  0.000  0.000
  0.000  0.000  0.000  0.000
  0.000  0.000  0.000  0.000
  0.000  0.000  0.000  0.000
  0.000  0.000  0.000  0.000
  0.000  0.000  0.000  0.000
  0.000  0.000  0.000  0.000
  0.000  0.000  0.000  0.000
  0.000  0.000  0.000  0.000
  0.000  0.000  0.000  0.000
  0.000  0.000  0.000  0.000
  0.000  0.000  0.000  0.000
  0.000  0.000  0.000  0.000
  0.000  0.000  0.000  0.000
  0.000  0.000  0.000  0.000
  0.000  0.000  0.000  0.000
  0.000  0.000  0.000  0.000
  0.000  0.000  0.000  0.000
  0.000  0.000  0.000  0.000
  4.981  0.000  0.000 11.207
  0.000  0.000  0.000  0.000
  0.000  0.000  0.000  0.000
  0.000  0.000  0.000  0.000
  0.000  0.000  0.000  0.000
  0.000  0.000  0.000  0.000
  0.000  0.000  0.000  0.000
  0.000  0.000  0.000  0.000
  0.000  0.000  0.000  0.000
  0.000  0.000  0.000  0.000
  0.000  0.000  0.000  0.000
  0.000  0.000  0.000  0.000
  0.000  0.000  0.000  0.000
  0.000  0.000  0.000  0.000
  0.000  0.000  0.000  0.000
  0.000  0.000  0.000  0.000
  0.000  0.000  0.000  0.000
  0.000  0.000  0.000  0.000
  0.000  0.000  0.000  0.000
  0.000  0.000  0.000  0.000
  7.379  0.000 16.602  0.000
  0.000  0.000  0.000  0.000
  0.000  0.000  0.000  0.000
  0.000  0.000  0.000  0.000
  0.000  0.000  0.000  0.000
  6.890  0.000 15.503  0.000
  0.000  0.000  0.000  0.000
  0.000  0.000  0.000  0.000
  0.000  0.000  0.000  0.000
  0.000  0.000  0.000  0.000
  0.000  0.000  0.000  0.000
  0.000  0.000  0.000  0.000
  0.000  0.000  0.000  0.000
  0.000  0.000  0.000  0.000
  0.000  0.000  0.000  0.000
  0.000  0.000  0.000  0.000
  0.000  0.000  0.000  0.000
  0.000  0.000  0.000  0.000
  0.000  0.000  0.000  0.000
  0.000  0.000  0.000  0.000
  0.000  0.000  0.000  0.000
 11.230  0.000 25.267  0.000
  0.000  0.000  0.000  0.000
  0.000  0.000  0.000  0.000
 10.831  0.000  0.000 24.370
  0.000  0.000  0.000  0.000
  0.000  0.000  0.000  0.000
  0.000  0.000  0.000  0.000
  0.000  0.000  0.000  0.000
  0.000  0.000  0.000  0.000
  0.000  0.000  0.000  0.000
  0.000  0.000  0.000  0.000
  0.000  0.000  0.000  0.000
  0.000  0.000  0.000  0.000
  0.000  0.000  0.000  0.000
  4.769  0.000 10.730  0.000
  0.000  0.000  0.000  0.000
  0.000  0.000  0.000  0.000
  0.000  0.000  0.000  0.000
  4.562  0.000 10.264  0.000
  0.000  0.000  0.000  0.000
  0.000  0.000  0.000  0.000
  0.000  0.000  0.000  0.000
  0.000  0.000  0.000  0.000
  0.000  0.000  0.000  0.000
  0.000  0.000  0.000  0.000
  0.000  0.000  0.000  0.000
  0.000  0.000  0.000  0.000
  0.000  0.000  0.000  0.000
  0.000  0.000  0.000  0.000
  0.000  0.000  0.000  0.000
  0.000  0.000  0.000  0.000
  0.000  0.000  0.000  0.000
  0.000  0.000  0.000  0.000
  0.000  0.000  0.000  0.000
  0.000  0.000  0.000  0.000
  0.000  0.000  0.000  0.000
  0.000  0.000  0.000  0.000
  1.871  0.000  0.000  4.210
  0.000  0.000  0.000  0.000
  0.000  0.000  0.000  0.000
  7.266  0.000  0.000 16.350
  3.598  0.000  8.095  0.000
  0.000  0.000  0.000  0.000
  0.000  0.000  0.000  0.000
  0.000  0.000  0.000  0.000
  0.000  0.000  0.000  0.000
  0.000  0.000  0.000  0.000
  0.000  0.000  0.000  0.000
  0.000  0.000  0.000  0.000
  0.000  0.000  0.000  0.000
  0.000  0.000  0.000  0.000
  0.000  0.000  0.000  0.000
  0.000  0.000  0.000  0.000
  6.424  0.000 14.454  0.000
  0.000  0.000  0.000  0.000
  0.000  0.000  0.000  0.000
  6.250  0.000 14.063  0.000
  0.000  0.000  0.000  0.000
  0.000  0.000  0.000  0.000
  0.000  0.000  0.000  0.000
  0.000  0.000  0.000  0.000
  0.000  0.000  0.000  0.000
  0.000  0.000  0.000  0.000
  0.000  0.000  0.000  0.000
  2.910  0.000  6.548  0.000
  0.000  0.000  0.000  0.000
  0.000  0.000  0.000  0.000
  0.000  0.000  0.000  0.000
  0.000  0.000  0.000  0.000
  5.574  0.000  0.000 12.541
  2.763  0.000  6.217  0.000
  0.000  0.000  0.000  0.000
  0.000  0.000  0.000  0.000
  0.000  0.000  0.000  0.000
  0.000  0.000  0.000  0.000
  0.000  0.000  0.000  0.000
  0.000  0.000  0.000  0.000
  5.210  0.000 11.724  0.000
  0.000  0.000  0.000  0.000
  0.000  0.000  0.000  0.000
  5.083  0.000 11.438  0.000
  0.000  0.000  0.000  0.000
  0.000  0.000  0.000  0.000
  0.000  0.000  0.000  0.000
  0.000  0.000  0.000  0.000
  0.000  0.000  0.000  0.000
  0.000  0.000  0.000  0.000
  0.000  0.000  0.000  0.000
  0.000  0.000  0.000  0.000
  0.000  0.000  0.000  0.000
  2.346  0.000  5.278  0.000
  0.000  0.000  0.000  0.000
